     Interaccion 500K pasos Número:     0
        Ec_tot=  -5.824614637141E+02
        varphi=  -1.675252226391E+03
      Ec_media=   1.092790762677E+03
       varphiV=   3.626273187514E-01
      varphiVV=   1.086362657987E-02
       varphi2=   2.806929223928E+06
      varphi2V=  -6.092883607954E+02
      varphiV2=   1.472091188553E-01
#########################
