     Interaccion 500K pasos Número:     0
             P=   3.678726640825E-01
            CV=   9.636311337686E+02
        gammaB=   1.392100234168E+00
        ks_inv=   8.408432501055E-01
#########################
