     Interaccion 500K pasos Número:     1
             P=   1.013729661526E+00
            CV=   8.234718906592E+02
        gammaB=   1.066393644131E+00
        kt_inv=   1.275925016848E+01
#########################
