     Interaccion 500K pasos Número:     1
        varphi=  -1.579431849707E+03
       varphiV=  -3.057296572341E-01
      varphiVV=   1.477556239830E-02
       varphi2=   2.494755290710E+06
      varphi2V=   4.821209557437E+02
      varphiV2=   9.732824945937E-02
#########################
